
1	H	Hydrogen	1.008	0.00008988	14.01	20.28	14.304	2.2	1400
2	He	Helium	4.002602(2)	0.0001785	-	4.22	5.193	–	0.008
3	Li	Lithium	6.94	0.534	453.69	1560.0	3.582	0.98	20
4	Be	Beryllium	9.0121831(5)	1.85	1560.0	2742.0	1.825	1.57	2.8
5	B	Boron	10.81	2.34	2349	4200.0	1.026	2.04	10
6	C	Carbon	12.011	2.267	3800	4300.0	0.709	2.55	200
7	N	Nitrogen	14.007	0.0012506	63.15	77.36	1.04	3.04	19.0
8	O	Oxygen	15.999	0.001429	54.36	90.2	0.918	3.44.0	461000.0
9	F	Fluorine	18.998403163(6)	0.001696	53.53	85.03	0.824	3.98	585.0
10	Ne	Neon	20.1797(6)	0.0008999	24.56	27.07	1.03	–	0.005
11	Na	Sodium	22.98976928(2)	0.971	370.87	1156.0	1.228	0.93	23600.0
12	Mg	Magnesium	24.305	1.738	923.0	1363.0	1.023	1.31	23300.0
13	Al	Aluminium	26.9815385(7)	2.698	933.47	2792.0	0.897	1.61	82300.0
14	Si	Silicon	28.085	2.3296	1687	3538.0	0.705	1.9	282000
15	P	Phosphorus	30.973761998(5)	1.82	317.3	550	0.769	2.19	1050.0
16	S	Sulfur	32.06	2.067	388.36	717.87	0.71	2.58	350
17	Cl	Chlorine	35.45	0.003214	171.6	239.11	0.479	3.16	145
18	Ar	Argon	39.948(1)	0.0017837	83.8	87.3	0.52	–	3.5
19	K	Potassium	39.0983(1)	0.862	336.53	1032.0	0.757	0.82	20900.0
20	Ca	Calcium	40.078(4)	1.54	1115.0	1757.0	0.647	1.0	41500.0
21	Sc	Scandium	44.955908(5)	2.989	1814.0	3109.0	0.568	1.36	22.0
22	Ti	Titanium	47.867(1)	4.54	1941.0	3560.0	0.523	1.54	5650
23	V	Vanadium	50.9415(1)	6.11	2183.0	3680.0	0.489	1.63	120.0
24	Cr	Chromium	51.9961(6)	7.15	2180.0	2944.0	0.449	1.66	102.0
25	Mn	Manganese	54.938044(3)	7.44	1519.0	2334.0	0.479	1.55	950.0
26	Fe	Iron	55.845(2)	7.874	1811.0	3134.0	0.449	1.83	56300
27	Co	Cobalt	58.933194(4)	8.86	1768.0	3200.0	0.421	1.88	25.0
28	Ni	Nickel	58.6934(4)	8.912	1728.0	3186.0	0.444	1.91	84.0
29	Cu	Copper	63.546(3)	8.96	1357.77	2835.0	0.385	1.9	60.0
30	Zn	Zinc	65.38(2)	7.134	692.88	1180.0	0.388	1.65	70.0
31	Ga	Gallium	69.723(1)	5.907	302.9146	2673.0	0.371	1.81	19.0
32	Ge	Germanium	72.630(8)	5.323	1211.4	3106.0	0.32	2.01	1.5
33	As	Arsenic	74.921595(6)	5.776	1090.0	887.0	0.329	2.18	1.8
34	Se	Selenium	78.971(8)	4.809	453.0	958.0	0.321	2.55	0.05
35	Br	Bromine	79.904	3.122	265.8	332.0	0.474	2.96	2.4
36	Kr	Krypton	83.798(2)	0.003733	115.79	119.93	0.248	3.0	1x10^-4
37	Rb	Rubidium	85.4678(3)	1.532	312.46	961.0	0.363	0.82	90.0
38	Sr	Strontium	87.62(1)	2.64	1050.0	1655.0	0.301	0.95	370.0
39	Y	Yttrium	88.90584(2)	4.469	1799	3609.0	0.298	1.22	33.0
40	Zr	Zirconium	91.224(2)	6.506	2128.0	4682.0	0.278	1.33	165.0
41	Nb	Niobium	92.90637(2)	8.57	2750	5017.0	0.265	1.6	20.0
42	Mo	Molybdenum	95.95(1)	10.22	2896.0	4912.0	0.251	2.16	1.2
43	Tc	Technetium	[98]	11.5	2430	4538.0	–	1.9	~ 3x10^-9
44	Ru	Ruthenium	101.07(2)	12.37	2607.0	4423.0	0.238	2.2	0.001
45	Rh	Rhodium	102.90550(2)	12.41	2237.0	3968.0	0.243	2.28	0.001
46	Pd	Palladium	106.42(1)	12.02	1828.05	3236.0	0.244	2.2	0.015
47	Ag	Silver	107.8682(2)	10.501	1234.93	2435.0	0.235	1.93	0.075
48	Cd	Cadmium	112.414(4)	8.69	594.22	1040.0	0.232	1.69	0.159
49	In	Indium	114.818(1)	7.31	429.75	2345.0	0.233	1.78	0.25
50	Sn	Tin	118.710(7)	7.287	505.08	2875.0	0.228	1.96	2.3
51	Sb	Antimony	121.760(1)	6.685	903.78	1860.0	0.207	2.05	0.2
52	Te	Tellurium	127.60(3)	6.232	722.66	1261.0	0.202	2.1	0.001
53	I	Iodine	126.90447(3)	4.93	386.85	457.4	0.214	2.66	0.45
54	Xe	Xenon	131.293(6)	0.005887	161.4	165.03	0.158	2.6	3x10^-5
55	Cs	Caesium	132.90545196(6)	1.873	301.59	944.0	0.242	0.79	3.0
56	Ba	Barium	137.327(7)	3.594	1000.0	2170.0	0.204	0.89	425
57	La	Lanthanum	138.90547(7)	6.145	1193.0	3737.0	0.195	1.1	39.0
58	Ce	Cerium	140.116(1)	6.77	1068.0	3716.0	0.192	1.12	66.5
59	Pr	Praseodymium	140.90766(2)	6.773	1208.0	3793.0	0.193	1.13	9.2
60	Nd	Neodymium	144.242(3)	7.007	1297.0	3347.0	0.19	1.14	41.5
61	Pm	Promethium	[145]	7.26	1315.0	3273.0	–	1.13	2x10^-19
62	Sm	Samarium	150.36(2)	7.52	1345.0	2067.0	0.197	1.17	7.05
63	Eu	Europium	151.964(1)	5.243	1099.0	1802.0	0.182	1.2	2.0
64	Gd	Gadolinium	157.25(3)	7.895	1585.0	3546.0	0.236	1.2	6.2
65	Tb	Terbium	158.92535(2)	8.229	1629.0	3503.0	0.182	1.2	1.2
66	Dy	Dysprosium	162.500(1)	8.55	1680.0	2840.0	0.17	1.22	5.2
67	Ho	Holmium	164.93033(2)	8.795	1734.0	2993.0	0.165	1.23	1.3
68	Er	Erbium	167.259(3)	9.066	1802.0	3141.0	0.168	1.24	3.5
69	Tm	Thulium	168.93422(2)	9.321	1818.0	2223.0	0.16	1.25	0.52
70	Yb	Ytterbium	173.045(10)	6.965	1097.0	1469.0	0.155	1.1	3.2
71	Lu	Lutetium	174.9668(1)	9.84	1925.0	3675.0	0.154	1.27	0.8
72	Hf	Hafnium	178.49(2)	13.31	2506.0	4876.0	0.144	1.3	3.0
73	Ta	Tantalum	180.94788(2)	16.654	3290.0	5731.0	0.14	1.5	2.0
74	W	Tungsten	183.84(1)	19.25	3695.0	5828.0	0.132	2.36	1.3
75	Re	Rhenium	186.207(1)	21.02	3459.0	5869.0	0.137	1.9	7x10^-4
76	Os	Osmium	190.23(3)	22.61	3306.0	5285.0	0.13	2.2	0.002
77	Ir	Iridium	192.217(3)	22.56	2719.0	4701.0	0.131	2.2	0.001
78	Pt	Platinum	195.084(9)	21.46	2041.4	4098.0	0.133	2.28	0.005
79	Au	Gold	196.966569(5)	19.282	1337.33	3129.0	0.129	2.54	0.004
80	Hg	Mercury	200.592(3)	13.5336	234.43	629.88	0.14	2.0	0.085
81	Tl	Thallium	204.38	11.85	577.0	1746.0	0.129	1.62	0.85
82	Pb	Lead	207.2(1)	11.342	600.61	2022.0	0.129	1.87	14.0
83	Bi	Bismuth	208.98040(1)	9.807	544.7	1837.0	0.122	2.02	0.009
84	Po	Polonium	[209]	9.32	527.0	1235.0	-	2.0	2x10^-10
85	At	Astatine	[210]	7.0	575.0	610.0	-	2.2	3x10-20
86	Rn	Radon	[222]	0.00973	202.0	211.3	0.094	2.2	4x10^-13
87	Fr	Francium	[223]	1.87	300.0	950.0	-	0.7	~1x10^-18
88	Ra	Radium	[226]	5.5	973.0	2010.0	0.094	0.9	9x10^-7
89	Ac	Actinium	[227]	10.07	1323.0	3471.0	0.12	1.1	5.5x10^-10
90	Th	Thorium	232.0377(4)	11.72	2115.0	5061.0	0.113	1.3	9.6
91	Pa	Protactinium	231.03588(2)	15.37	1841.0	4300.0	-	1.5	1.4x10^-6
92	U	Uranium	238.02891(3)	18.95	1405.3	4404.0	0.116	1.38	2.7
93	Np	Neptunium	[237]	20.45	917.0	4273.0	-	1.36	<=3x10^-12
94	Pu	Plutonium	[244]	19.84	912.5	3501.0	-	1.28	<=3x10^-11
95	Am	Americium	[243]	13.69	1449.0	2880.0	-	1.13	0.0
96	Cm	Curium	[247]	13.51	1613.0	3383.0	-	1.28	0.0
97	Bk	Berkelium	[247]	14.79	1259.0	2900	-	1.3	0.0
98	Cf	Californium	[251]	15.1	1173.0	-1743	-	1.3	0.0
99	Es	Einsteinium	[252]	8.84	1133.0	-1269	-	1.3	0.0
100	Fm	Fermium	[257]	-9.7	-1125.0	-	-	1.3	0.0
101	Md	Mendelevium	[258]	-10.3.0	-1100.0	-	-	1.3	0.0
102	No	Nobelium	[259]	-9.9.0	-1100.0	-	-	1.3	0.0
103	Lr	Lawrencium	[266]	-15.6.0	-1900.0	-	-	1.3	0.0
104	Rf	Rutherfordium	[267]	-23.2.0	-2400.0	-5800.0	-	-	0.0
105	Db	Dubnium	[268]	-29.3	-	-	-	-	0.0
106	Sg	Seaborgium	[269]	-35.0	-	-	-	-	0.0
107	Bh	Bohrium	[270]	-37.1	-	-	-	-	0.0
108	Hs	Hassium	[277]	-40.7	-	-	-	-	0.0
109	Mt	Meitnerium	[278]	-37.4	-	-	-	-	0.0
110	Ds	Darmstadtium	[281]	-34.8	-	-	-	-	0.0
111	Rg	Roentgenium	[282]	-28.7	-	-	-	-	0.0
112	Cn	Copernicium	[285]	-23.7	-	~357.0	-	-	0.0
113	Nh	Nihonium	[286]	-16.0	-700.0	-1400.0	-	-	0.0
114	Fl	Flerovium	[289]	-14.0	-	~210.0	-	-	0.0
115	Mc	Moscovium	[290]	-13.5	-700.0	-1400.0	-	-	0.0
116	Lv	Livermorium	[293]	-12.9	-709.0	-1085.0	-	-	0.0
117	Ts	Tennessine	[294]	-7.2	-723.0	-883.0	-	-	0.0
118	Og	Oganesson	[294]	-5.0	-	-350.0	-	-	0.0
